return {
    ["*Aquatic Research Lab"] = CFrame.new(5009, 4934.24414, 5000, 0.995037198, 1.63971864e-10, 0.0995037183, -3.56636787e-09, 1, 3.40157804e-08, -0.0995037183, -3.4201836e-08, 0.995037198),
    ["Kohana"] = CFrame.new(-642.849915, 16.0301514, 615.764343, 0.99444747, -3.04538013e-08, -0.105234087, 2.65064575e-08, 1, -3.89086985e-08, 0.105234087, 3.59032768e-08, 0.99444747),
    ["Kohana Volcano"] = CFrame.new(-511.569885, 18.035738, 155.349411, 0.258864343, 0, 0.965913713, 0, 1, 0, -0.965913713, 0, 0.258864343),
    ["Volcanic Cavern"] = CFrame.new(1105.38794, 85.9909363, -10244.0469, 0.191975534, 6.92508451e-08, -0.981399715, -1.04998854e-07, 1, 5.00240986e-08, 0.981399715, 9.34424449e-08, 0.191975534),
    ["Coral Reefs"] = CFrame.new(-3021.05347, 2.51188135, 2288.69702, 0.496469796, 2.57234434e-09, 0.868053973, -1.44236223e-09, 1, -2.13840967e-09, -0.868053973, -1.90392521e-10, 0.496469796),
    ["Esoteric Depths"] = CFrame.new(3180.8623, -1302.7301, 1426.16125, 0.375065148, 2.67076246e-08, -0.926998436, -2.53456616e-08, 1, 1.85559639e-08, 0.926998436, 1.65356937e-08, 0.375065148),
    ["Tropical Grove"] = CFrame.new(-2146.5459, 53.5837746, 3693.60132, 0.631611109, 9.09719855e-09, 0.775285363, -5.79148249e-08, 1, 3.54481706e-08, -0.775285363, -6.72899745e-08, 0.631611109),
    ["Creater Island"] = CFrame.new(975.088074, 27.7796116, 5159.54932, 0.924701154, 2.32345929e-08, -0.380693793, -1.11161045e-08, 1, 3.40313342e-08, 0.380693793, -2.72369807e-08, 0.924701154),
    ["Treasure Room - Lost Isle"] = CFrame.new(-3600.16528, -266.57428, -1564.90393, 0.999319136, -8.79439011e-09, 0.0368953198, 8.81959838e-09, 1, -5.20476218e-10, -0.0368953198, 8.45523762e-10, 0.999319136),
    ["Sisyphus Statue - Lost Isle"] = CFrame.new(-3692.43237, -135.574448, -1043.90906, -0.976674438, -1.06423975e-07, 0.214725628, -9.57722577e-08, 1, 6.00098815e-08, -0.214725628, 3.80453535e-08, -0.976674438),
    ["Planetary Observatory"] = CFrame.new(405.88266, 7.31085634, 2181.31519, -0.148888052, 4.10343688e-08, -0.988854051, -9.24425958e-09, 1, 4.28887645e-08, 0.988854051, 1.55268474e-08, -0.148888052),
    ["Lava Basin"] = CFrame.new(970.141602, 85.8558502, -10279.1973, -0.989265442, 1.60626836e-08, 0.146129861, 2.56123158e-08, 1, 6.34688462e-08, -0.146129861, 6.65302622e-08, -0.989265442),
    ["Ancient Jungle"] = CFrame.new(1313.07971, 7.82064247, -177.610229, 0.988168836, 0, -0.153370157, 0, 1, 0, 0.153370157, 0, 0.988168836),
    ["Underground Celler"] = CFrame.new(2134.94116, -91.1986008, -690.708984, 0.781383455, 3.48390543e-08, 0.624051213, -6.42689741e-08, 1, 2.46448639e-08, -0.624051213, -5.93642184e-08, 0.781383455),
    ["Sacred Temple"] = CFrame.new(1485.80542, 7.87499857, -545.255127, 0.993017375, 0, 0.117968373, 0, 1, 0, -0.117968373, 0, 0.993017375),
    ["Ancient Ruin"] = CFrame.new(6050.18652, -553.000183, 4444.11377, -1, 0, 0, 0, 1, 0, 0, 0, -1),
    ["Pirate Cove"] = CFrame.new(3501.34302, 4.19247055, 3438.25928, -0.474827319, 7.67571748e-08, 0.880078971, 4.61723424e-08, 1, -6.23049559e-08, -0.880078971, 1.10512106e-08, -0.474827319),
    ["Pirate Treasure Room"] = CFrame.new(3467.78955, -287.842865, 3461.08423, -0.898813307, -4.86881291e-08, -0.438331664, -4.51050894e-08, 1, -1.8586551e-08, 0.438331664, 3.06514925e-09, -0.898813307),
    ["Crystal Depths"] = CFrame.new(5732.13916, -904.818481, 15412.8389, 0.983090043, 2.70188156e-08, 0.183122754, -4.6206992e-08, 1, 1.00516282e-07, -0.183122754, -1.07278105e-07, 0.983090043)
}
